1
0
1
1
1
1
1
1
1 
0 0 
2 
1 2 
10 10
0 1 0 4 0 4 0 4 0 4 0 4 0 4 0 4 0 4 0 4 
0 4 0 4 0 4 0 4 0 4 0 4 0 4 0 4 0 4 0 4 
0 4 0 4 0 4 0 4 0 4 0 4 0 4 0 4 0 4 0 4 
0 4 0 4 0 4 0 4 0 4 0 4 0 4 0 4 0 4 0 4 
0 4 0 4 0 4 0 4 0 4 0 4 0 4 0 4 0 4 0 4 
0 4 0 4 0 4 0 4 0 4 0 4 0 4 0 4 0 4 0 4 
0 4 0 4 0 4 0 4 0 4 0 4 0 4 0 4 0 4 0 4 
0 4 0 4 0 4 0 4 0 4 0 4 0 4 0 4 0 4 0 4 
0 4 0 4 0 4 0 4 0 4 0 4 0 4 0 4 0 4 0 4 
0 4 0 4 0 4 0 4 0 4 0 4 0 4 0 4 0 4 0 4 
3
2 0 1 
1
1
1 
9 7 
2 
1 2 
10 10
0 4 0 4 0 4 0 4 0 4 0 4 0 4 0 4 0 4 0 4 
0 4 0 4 0 4 0 4 0 4 0 4 0 4 0 4 0 4 0 4 
0 4 0 4 0 4 0 4 0 4 0 4 0 4 0 4 0 4 0 4 
0 4 0 4 0 4 0 4 0 4 0 4 0 4 0 4 0 4 0 4 
0 4 0 4 0 4 0 4 0 4 0 4 0 4 0 4 0 4 0 4 
0 4 0 4 0 4 0 4 0 4 0 4 0 4 0 4 0 4 0 4 
0 4 0 4 0 4 0 4 0 4 0 4 0 4 0 4 0 4 0 4 
0 4 0 4 0 4 0 4 0 4 0 4 0 4 0 4 0 4 0 1 
0 4 0 4 0 4 0 4 0 4 0 4 0 4 0 4 0 4 0 4 
0 4 0 4 0 4 0 4 0 4 0 4 0 4 0 4 0 4 0 4 
3
2 0 1 
